32 32
358
0 0
0 1
0 2
0 3
0 4
0 5
0 6
0 7
0 8
0 9
0 10
0 11
0 12
0 13
0 14
0 15
0 16
0 17
0 18
0 19
0 20
0 21
0 22
0 23
0 24
0 25
0 26
0 27
0 28
0 29
0 30
0 31
1 0
1 3
1 6
2 0
2 3
2 6
3 0
3 3
3 6
3 9
3 10
3 11
3 12
3 13
3 14
3 15
3 16
3 17
3 18
3 19
3 20
3 21
3 24
3 25
3 26
3 27
3 30
4 0
4 6
4 21
4 24
4 27
4 30
5 0
5 6
5 21
5 24
5 27
5 30
6 0
6 3
6 4
6 5
6 6
6 7
6 8
6 9
6 12
6 13
6 14
6 15
6 16
6 17
6 18
6 19
6 20
6 21
6 24
6 27
6 28
6 29
6 30
7 0
7 12
7 24
7 30
8 0
8 12
8 24
8 30
9 0
9 1
9 2
9 3
9 4
9 5
9 6
9 7
9 8
9 9
9 10
9 11
9 12
9 15
9 16
9 17
9 18
9 21
9 22
9 23
9 24
9 27
9 28
9 29
9 30
9 31
10 0
10 15
10 21
10 24
10 27
11 0
11 15
11 21
11 24
11 27
12 0
12 3
12 4
12 5
12 6
12 7
12 8
12 9
12 10
12 11
12 12
12 13
12 14
12 15
12 16
12 17
12 18
12 19
12 20
12 21
12 24
12 27
12 28
12 29
12 30
13 0
13 15
13 21
13 27
14 0
14 15
14 21
14 27
15 0
15 3
15 4
15 5
15 6
15 7
15 8
15 9
15 12
15 13
15 14
15 15
15 18
15 21
15 22
15 23
15 24
15 27
15 30
15 31
16 0
16 3
16 12
16 18
16 27
16 30
17 0
17 3
17 12
17 18
17 27
17 30
18 0
18 1
18 2
18 3
18 6
18 7
18 8
18 9
18 12
18 15
18 16
18 17
18 18
18 21
18 22
18 23
18 24
18 25
18 26
18 27
18 30
19 0
19 6
19 12
19 15
19 21
19 30
20 0
20 6
20 12
20 15
20 21
20 30
21 0
21 3
21 6
21 7
21 8
21 9
21 10
21 11
21 12
21 15
21 18
21 19
21 20
21 21
21 24
21 25
21 26
21 27
21 28
21 29
21 30
22 0
22 3
22 12
22 15
22 18
22 21
22 24
23 0
23 3
23 12
23 15
23 18
23 21
23 24
24 0
24 3
24 4
24 5
24 6
24 9
24 10
24 11
24 12
24 15
24 16
24 17
24 18
24 21
24 24
24 25
24 26
24 27
24 28
24 29
24 30
25 0
25 3
25 6
25 24
26 0
26 3
26 6
26 24
27 0
27 3
27 6
27 7
27 8
27 9
27 10
27 11
27 12
27 13
27 14
27 15
27 18
27 19
27 20
27 21
27 22
27 23
27 24
27 27
27 28
27 29
27 30
28 0
28 3
28 6
28 15
28 18
28 27
28 30
29 0
29 3
29 6
29 15
29 18
29 27
29 30
30 0
30 3
30 6
30 7
30 8
30 9
30 12
30 15
30 18
30 19
30 20
30 21
30 24
30 25
30 26
30 27
30 30
31 0
31 6
31 12
31 24
10
0 19 28 13 10
1 25 26 1 23
2 9 26 15 2
3 17 16 29 31
4 31 1 31 20
5 29 11 25 27
6 25 10 31 30
7 22 6 28 4
8 14 7 31 8
9 29 10 26 5
